(0.3256731804989167,-4.883246584874712e-16)
(1.5010725878998865,-2.6722872524209533)
(9.828443557095015,-1.6670455498236805)
(43.75370439616272,9.449046719193062)
(-142.694781681483,-186.95067682388114)
(0.45322484898803617,363.96553012244823)
(144.04922258781247,-190.32121291170614)
(-44.36691291770922,10.54258588317012)
(-9.186079182329324,-2.1048953262728958)
(-1.2891698941368837,-1.9220867967017787)
(-0.11455312918189137,-0.09160183685428741)
(-0.2724461906658191,0.5478799830757966)
(-0.6586896798278178,-0.22913926958481257)
(-1.5748717002097106,0.7058376484265154)
(2.904929535582493,0.16104222060671108)
(-3.2813343750285866,-2.8169914256314206)
(1.39651913163551,4.169449944679642)
(-0.1081767631349731,-3.1268579882458196)
(-0.07798325997351427,1.673289255876883)
(-0.33560604175360215,-0.8693235845949091)
(0.18316344360504186,0.22212391428756426)
(-0.15767258947077237,0.6540414361336037)
(0.46779000675361637,-1.0039663068710662)
(-1.3162056235747328,-0.41710325468187337)
(1.2455494461518146,2.8855003156785344)
(0.6387425389080787,-4.604330012442389)
(-2.327802472826907,4.736083790736082)
(2.167459862173954,-2.852680988501457)
(-2.4015910575832926,1.3156076329457789)
(1.8678256130474258,-2.689631089435502)
(1.0004475790746203,2.591662375518492)
(-2.0785902976689083,1.1486856506893548)
(1.0339351096088594,-2.5146128499491347)
(-2.2800968012542486,0.5341926208894681)
(2.910852301000405,1.7496963299712343)
(0.128809343690231,-4.446478662792374)
(-3.843917298484077,8.096995751926041)
(2.105381724172781,-12.093710277525187)
(7.497667701228847,9.412937613855219)
(-10.315621389670998,3.533248574450469)
(-1.5296014024046654,-8.895225730761416)
(7.014048187678849,0.8167133002198372)
(-1.139337931843859,-0.8832013718624316)
(2.199001556001469,7.201912176895907)
(-2.7220304501232455,-1.4663198195225364)
(-9.322628406791095,-4.4783392925578385)
(16.859505829571923,-1.9547676107783345)
(-10.115934782124867,8.23292648710789)
(1.061389550724488,-6.988662941506064)
(2.7398619393843866,2.7779292567603155)
(-1.3471799712620895,1.2956800642565667)
(-2.2215898379693133,-1.962840113299964)
(1.7259930577163838,-0.9866841058566911)
(3.5719963065259437,2.697886703592727)
(-7.784985356285066,-1.750246662060242)
(7.663853412388342,0.6415871886612594)
(-4.649145103722546,-0.29529897426081475)
(1.5277074802978716,0.32232028128210993)
(-0.23608700895307544,-0.30981811263482717)
(0.3539985431232198,-0.12020987918307771)
(-0.16825209157014842,0.5884548374122451)
(-0.8185325326503397,-0.565885358341197)
(1.7758371871329293,0.5332365294185367)
(-1.8627707046786568,-1.311539808562843)
(0.9401587230455637,2.8930698381033513)
(0.3167888733716584,-4.3307791133353355)
(-0.9377809626147222,4.602497123161861)
(0.5167210861176226,-3.5606972542769633)
(0.43365480689184155,1.923161094796606)
(-0.9459559498538812,-0.45875409997723915)
(0.4675576874143774,-0.5664477527404567)
(0.7359131939448808,1.3202283704541409)
(-1.8940770719250435,-1.989595549392049)
(2.2464792244760314,2.5093583741144503)
(-1.53067359592297,-2.6449590674332573)
(0.25149084320094695,2.2110462167125884)
(0.7252080818087955,-1.2977593769144484)
(-0.9030046572642454,0.38133919311335657)
(0.4149194250006292,0.08826581425500274)
(0.19591875926548885,-0.2471490312111756)
(-0.40256814525247375,0.6188365450010594)
(0.1347598574826946,-1.4896768475256459)
(0.2985341693717758,2.706827532948043)
(-0.6511116635813206,-3.722154738728636)
(0.8159356566848024,3.838528328854739)
(-0.7989376829823032,-2.7796317557359194)
(0.7872681891923331,0.8883216992552352)
(-0.8177780838875419,1.166616022241419)
(0.5811968319140237,-2.6662888204249806)
(0.16042891932898007,3.254934566062138)
(-1.287989913722511,-3.16445315826773)
(2.3686948835417256,2.776640203406275)
(-2.816767589572158,-2.263445310896218)
(2.323097396452711,1.666882573140562)
(-1.104384242305232,-0.954659830767242)
(-0.3377655286323068,0.13853630053053542)
(1.4686009544652796,0.5679954713624256)
(-1.9297250492632325,-0.8908551605183466)
(1.781400262664604,0.7024020452308867)
(-1.3710773850501004,-0.10759178781767448)
(0.967559577707682,-0.4960693758064687)
(-0.6369839021969061,0.6510701764037548)
(0.26959273605424394,-0.26089102804333564)
(0.2979315765818555,-0.40266284839464783)
(-1.014887414592987,0.9945036501946157)
(1.601621013543416,-1.2487466078744534)
(-1.8464277849460902,1.0989352727881196)
(1.7273812011221574,-0.7517991476922309)
(-1.352361664484799,0.4764330953912821)
(0.9709406448860959,-0.3632914338253985)
(-0.8612784275097305,0.33883324629625267)
(1.0627557908966057,-0.24493373478710165)
(-1.3464053661199236,-0.07968131941978171)
(1.438712552972559,0.6125093917739001)
(-1.1869943277225243,-1.0954801634928883)
(0.6368326563598579,1.2682019830597553)
(-0.033199791365410986,-1.066257243443231)
(-0.3599650748809809,0.6074598875442859)
(0.4658168469971794,-0.11588888288928967)
(-0.39069553238154514,-0.18779027068486281)
(0.3060088874986265,0.24415660568886643)
(-0.3621836677701423,-0.1864233267719807)
(0.5902546720819519,0.2010231813395138)
(-0.8488530376709743,-0.402657392141814)
(0.9441128851655426,0.7831995403592162)
(-0.7955723554536205,-1.1973676389424504)
(0.4724912278977416,1.4528483034970376)
(-0.13461633081162183,-1.470261345251953)
(-0.05932941667472008,1.3392255690980412)
(0.05593039624907081,-1.2317378263371987)
(0.04745941207646903,1.278199972144043)
(-0.06764346458562398,-1.4905137349276858)
(-0.13111562181060077,1.758399650022924)
(0.5376532974367476,-1.9055953663397704)
(-1.0068513442049674,1.789499427914692)
(1.3536950454051144,-1.4080090418566504)
(-1.4437757376850555,0.919407565829198)
(1.2609823599571435,-0.5336202399622284)
(-0.938791305832076,0.38265711976505856)
(0.6908692149047059,-0.47214417630271577)
(-0.6653992344168986,0.689530911600154)
(0.8633038158885796,-0.8472160708690195)
(-1.1694494944162355,0.7877561229504308)
(1.419135574458619,-0.4898118250696011)
(-1.4670253829934805,0.06817891096154449)
(1.2679410029383464,0.3127151337833991)
(-0.910348707879667,-0.5189955282477786)
(0.5540849765211643,0.49891653504751005)
(-0.3333982799074044,-0.3101477677132862)
(0.30194273651875975,0.08942917578187014)
(-0.42194850710922094,0.032104016889418385)
(0.5849617310683515,0.0027746600607831406)
(-0.6709015538502545,-0.16722510581361558)
(0.6168361348486249,0.37583815225331596)
(-0.44036518152351,-0.5258289419259724)
(0.21279425013275752,0.5502769169988605)
(-0.019862673478910048,-0.4528666468095499)
(-0.07404945620333256,0.29358609467032365)
(0.05677950545278684,-0.14600574938433356)
(0.02787278358660291,0.06496561968093217)
(-0.1137360500719509,-0.06973240156003055)
(0.15183330686662802,0.13683950128537842)
(-0.12579084606789262,-0.21384397080197032)
(0.04953415723153997,0.253003929923127)
(0.04084097461280759,-0.23611434582540777)
(-0.10513270918377554,0.17404187034200705)
(0.12175023565415508,-0.09438129000930355)
(-0.0955118964630615,0.028741895028486036)
(0.047986795449269065,0.0018575676386878522)
(-0.0047508324584365005,0.0034130523493299376)
(-0.015252409022220074,-0.029682513578571986)
(0.008338794902215358,0.05737037332784664)
(0.01497368734275859,-0.06983677629469916)
(-0.04039674084617707,0.060117010223229926)
(0.05691020085149043,-0.03504077270654346)
(-0.05758800043837642,0.008674802837024974)
(0.04240944338558765,0.009336211921982154)
(-0.02061334026192454,-0.016629962311040934)
(0.004239967005804219,0.013702477241615989)
(0.0016537031598770255,-0.003128832190105256)
(0.00011763380920064509,-0.008311854098362322)
(-0.005489924960153885,0.012966331895267122)
(0.012269270945616872,-0.009222619267166478)
(-0.017436075368853606,0.0021637795400247977)
(0.016873747292468738,0.0033368931225158435)
(-0.010276830862784372,-0.006893412543812754)
(0.0028359998933129124,0.009082426437500506)
(0.000778057432284904,-0.008233567948637815)
(-0.0011554548937365466,0.003818989874944249)
(0.0007936436190409332,0.0007790073861490363)
(0.0001473586037793389,-0.0022130377116083293)
(-0.0020951397394694564,0.001041543602508955)
(0.0036246371216954627,0.0005025507537980722)
(-0.0032855161061749673,-0.0016595287241496105)
(0.0016265922330791216,0.002558535885773862)
(-8.049118488847207e-05,-0.0028795913221738366)
(-0.0006329865874706025,0.0022620956699043507)
(0.0006596312974734721,-0.0009313846717010532)
(-0.00048246204537101295,-0.000376037602061476)
(0.0003658952923645423,0.0009089671029387002)
(-0.00018679239241991375,-0.0005147674264164034)
(-0.00016029617086907118,-0.00027547628020892104)
(0.0005338026396724618,0.0007942599332815257)
(-0.0006428879972179814,-0.0006741297942108457)
(0.00020847716723852158,0.00012815397547265026)
(0.0005644617701118567,0.0001389687856060956)
(-0.0008648877141615106,0.00012678344359397259)
(0.00040404980662985516,-0.00026004791534660907)
(1.2223387506231731e-05,-9.32883558014693e-05)
(0.00013042293072266988,0.00025307604353706363)
(-0.00021190319438026416,0.0001598225404749186)
(-0.00017722009969341678,-0.00042875750968209843)
(0.0004112252086194546,6.410443774550417e-05)
(2.0704664027991525e-07,0.0003460560520383353)
(-0.00055623490232508,-0.00015778258411311964)
(0.0005390735604419027,-0.00038480196518210144)
(3.743940816957619e-05,0.0005727748064685136)
(-0.00047931953659831084,-0.00016407602753889256)
(0.0003094587189009974,-0.0002954756567685635)
(8.751033849137894e-05,0.00023461851596515363)
(-0.00010426959360669155,8.667215915219059e-05)
(-9.74939222020518e-05,-9.642643269081914e-05)
(3.190920221921326e-05,-6.339345241571227e-05)
(0.000134156669983606,-5.034804403590161e-05)
(2.1361076618944344e-05,0.00025266090712301097)
(-0.00031760203366749555,-0.00012162128364201266)
(0.0003232548586539658,-0.00022103269314334453)
(-4.1225845996213e-05,0.00037844209027766294)
(-0.00021740601168092208,-0.0002304515053750416)
(0.00023311114773076115,-4.3273761753030083e-05)
(-3.299601531398809e-05,0.00017375785705583073)
(-0.0001339511843098388,-6.880910482060846e-05)
(0.00011820256920564296,-7.249004165743854e-05)
(-5.9019812807448455e-05,0.00011167077031959563)
(3.153564735657814e-05,-0.00016167334532103816)
(9.976842550393944e-05,0.00021863045258931928)
(-0.00027415745486482286,-9.672669686634251e-05)
(0.0002461898616643329,-0.0001377094378936392)
(-4.060477233717054e-05,0.00021899127028857131)
(-0.0001077282440038093,-0.0001111283504308271)
(0.00011514302467260722,-3.622952376381849e-05)
(-1.6148236131028198e-05,0.00012985201355587828)
(-0.00012528522802418102,-0.00010616475713802264)
(0.00018436591550497657,-2.3495715098727233e-05)
(-0.0001273266549230978,0.0001265808876313949)
(5.6847436537827316e-05,-0.00016141481028479057)
(2.3459005423391628e-05,0.00019110706405304123)
(-0.0001544038981156343,-0.00014815960186366487)
(0.0002000335935366901,-2.5383949285389293e-05)
(-5.883871241479687e-05,0.00015342989742458133)
(-0.0001069993687152667,-8.737914994676885e-05)
(0.00013142638903128296,-7.033665568776257e-05)
(-3.410968324657558e-05,0.0001790569349635198)
(-0.00011220356181852756,-0.000182524804682032)
(0.00021534101822397032,6.281649266416096e-05)
(-0.00018041960720149213,8.827288199734367e-05)
(6.956296689649985e-05,-0.00013581273574394636)
(-5.926273068546643e-06,0.00011049157599051059)
(-3.706628430511541e-05,-9.045628672334911e-05)
(8.752879755115097e-05,2.313585611498951e-05)
(-4.2973085879464385e-05,8.82603703573683e-05)
(-9.716918380814366e-05,-9.854654326161262e-05)
(0.0001778318687609736,-2.38595399850278e-05)
(-0.00013012745602063394,0.00015661397507250383)
(4.257159362754174e-06,-0.00021625681789179415)
(0.00013692876331935139,0.00017066094643066807)
(-0.00019390341150432396,-2.8397691303886707e-05)
(0.00011297892937315782,-8.838293927339118e-05)
(7.151429002258278e-07,8.406802442887552e-05)
(-4.756673982324697e-05,-2.3984243361458287e-05)
(5.717848548536985e-05,-3.219466625320217e-05)
(-2.913759725538953e-05,0.00010532634784427084)
(-7.543843432032804e-05,-0.00014127646080128482)
(0.00017916132771072385,6.584481014575498e-05)
(-0.0001832756753583749,5.9366495136922565e-05)
(0.00011088672292927177,-0.00014316826693538425)
(-7.447828990972112e-06,0.00016739910417448662)
(-9.35487045105588e-05,-0.00010923987914921286)
(0.00010709259002074946,-1.4567446515508993e-05)
(-1.1928566146623128e-05,8.667261159532037e-05)
(-8.362514895617801e-05,-4.9795007611712205e-05)
(0.00011480110337994829,-2.862986311829743e-05)
(-9.980371336326126e-05,0.00010902964654300418)
(2.4887551422295213e-05,-0.000177535813780707)
(9.643750568705977e-05,0.00016589971831220502)
(-0.00016450808013581793,-6.370173798174049e-05)
(0.00013823597706878784,-3.690420312275069e-05)
(-6.78489192415605e-05,8.520480438831266e-05)
(-1.6705081974807215e-05,-8.068651296177593e-05)
(7.767980838625698e-05,6.3583454081163876e-06)
(-4.571275221910467e-05,9.394359461182425e-05)
(-5.570427853524927e-05,-0.00012167497867080694)
(0.00013311622020277254,6.96862684928077e-05)
(-0.0001626399786957611,8.546305223018405e-06)
(0.00014600698544869748,-0.00010156192515917075)
(-5.5559086372732433e-05,0.00017041358772795006)
(-6.0057258848209385e-05,-0.00014130017358337266)
(0.00010046745928340609,4.157159467179633e-05)
(-5.960118439311838e-05,3.61700226936629e-05)
(-1.0522040147417243e-05,-6.306161429731017e-05)
(8.632783487707386e-05,3.545128681685165e-05)
(-0.00012095569290427485,5.409200457364034e-05)
(6.804055776541714e-05,-0.00014448987042321997)
(2.9007400786081652e-05,0.00016469861447928805)
(-0.00010715765284314736,-0.000126064658847849)
(0.00015518864582566113,5.2504464975129116e-05)
(-0.0001440099472750001,4.7429356903493124e-05)
(5.26925813654829e-05,-0.0001062531989327)
(4.339636634504249e-05,6.733482514289184e-05)
(-6.534557861459919e-05,1.747307423872538e-05)
(2.7343683256310456e-05,-8.084636730408329e-05)
(4.321045878126314e-05,0.00010924772906212214)
(-0.00012975262475868325,-7.879632175186256e-05)
(0.0001711498308823289,-1.6815793800245033e-05)
(-0.0001298767865170405,0.00010977970869370621)
(4.999535618386847e-05,-0.00014612601002337214)
(2.8342992194564e-05,0.00013287081830622868)
(-8.658034645392928e-05,-7.034198979979768e-05)
(7.841832397400582e-05,-2.2560206623860878e-05)
(1.3320912819399198e-06,6.915091528753187e-05)
(-7.726104776504758e-05,-3.483254901294699e-05)
(0.00010176585514800807,-3.496390424196939e-05)
(-8.12807701754578e-05,0.00010734900294445862)
(1.0714531037953363e-05,-0.00016098238582514985)
(8.841050405152e-05,0.00014741985224426952)
(-0.00014345453824269846,-6.677158261362725e-05)
(0.00012842999981025553,-1.5130456026156303e-05)
(-7.637743725824749e-05,6.351944402874952e-05)
(4.991396484341727e-06,-7.32681652127971e-05)
(5.747829581209902e-05,2.450418243368578e-05)
(-5.3839461399870795e-05,5.861414610676624e-05)
(-1.4626694777100932e-05,-0.00010428896940959606)
(9.015037267595239e-05,8.994554440550114e-05)
(-0.0001434687479485449,-3.624606538959315e-05)
(0.00015703812982325173,-4.755009594282998e-05)
(-0.00010375999449182806,0.0001242330741925619)
(1.3569448087515773e-05,-0.0001355208388446245)
(4.745703066055228e-05,8.756641148360821e-05)
(-6.35332465965723e-05,-2.576111397213456e-05)
(4.200132402171964e-05,-3.2572289545175324e-05)
(2.2381916058666383e-05,6.112105320318302e-05)
(-9.203319742021127e-05,-2.242725714216867e-05)
(0.00010701062632020042,-5.833028132231343e-05)
(-6.655542885722259e-05,0.00012281915561951852)
(3.9048389208930895e-07,-0.00015147900956230157)
(7.609282680631816e-05,0.00013474177586996134)
(-0.00012434291073737172,-6.450271150863971e-05)
(0.00010649678551052448,-1.5410973781701362e-05)
(-4.873485193729497e-05,5.192714018802054e-05)
(-5.565543970098636e-06,-4.608509365045272e-05)
(4.476499140563581e-05,9.077334878143246e-06)
(-4.589953378122056e-05,5.6062415530547524e-05)
(-1.0971635268273382e-05,-0.00010623800271998103)
(8.650190246878551e-05,9.741856388893626e-05)
(-0.00013125268022359316,-4.579354458229323e-05)
(0.0001388581974901811,-1.8190470092861712e-05)
(-0.00010598784821243731,7.981849963380518e-05)
(3.5164179782430524e-05,-0.00010483898650602334)
(2.704666103186124e-05,7.261465387208348e-05)
(-4.212322399669136e-05,-1.8238162542679536e-05)
(2.1481418001181997e-05,-2.3393993353236274e-05)
(2.3264871761576043e-05,4.5344895375990166e-05)
(-8.26023910303773e-05,-2.796175590361524e-05)
(0.00011321964812612893,-3.4506828458732746e-05)
(-8.802191183519871e-05,9.750587461543121e-05)
(3.379887845975234e-05,-0.00012504869066569342)
(2.411770828602079e-05,0.00011995937792050524)
(-7.346652603535504e-05,-8.081282887005323e-05)
(8.350940440665431e-05,1.627925525388238e-05)
(-4.5281401029282355e-05,2.8694849365129092e-05)
(-3.5887728686312734e-06,-2.866245100542656e-05)
(3.688824999724852e-05,-2.175008960705859e-07)
(-4.9291502311074476e-05,4.7772642474128283e-05)
(2.2826915863825434e-05,-9.988334580451682e-05)
(3.86250485603748e-05,0.00011622024749647352)
(-9.108172955293033e-05,-8.384508032387066e-05)
(0.0001107921419956431,3.260771052248904e-05)
(-0.00010343081817772501,1.922922431613049e-05)
(6.58045303485017e-05,-6.025537647557921e-05)
(-1.0446682509900489e-05,6.20109339181273e-05)
(-2.1245163253203064e-05,-2.3462580214451463e-05)
(1.4794978743656013e-05,-1.963226079885544e-05)
(1.3483611683951008e-05,4.849365584694221e-05)
(-5.755686144885954e-05,-5.684957600191682e-05)
(0.00010172759248997788,2.7363120645802395e-05)
(-0.00011028769990976968,2.9549858146665705e-05)
(7.956419592438907e-05,-7.369633836671771e-05)
(-3.636001584600214e-05,9.084688020617961e-05)
(-7.71414003784019e-06,-8.572397515481639e-05)
(4.0061736759025704e-05,5.2607633495638826e-05)
(-3.49264004645927e-05,-6.657791746813997e-06)
(-1.5860809108159536e-06,-1.571320594279898e-05)
(3.750850489058678e-05,7.730921371574035e-06)
(-6.115807807487195e-05,1.7587536040367482e-05)
(6.544045058559883e-05,-5.840899137901678e-05)
(-3.433086019712495e-05,9.730422970432009e-05)
(-1.7714346277203113e-05,-0.00010283251665335938)
(5.6138362639710304e-05,7.696420172967767e-05)
(-7.254465883259841e-05,-4.133235141599574e-05)
(6.781171600661067e-05,2.718947950813349e-06)
(-3.509874482599177e-05,2.365323489613579e-05)
(-6.652937025938344e-06,-1.4583801539116142e-05)
(2.499643906197314e-05,-1.933132882916108e-05)
(-1.752534073357666e-05,5.140085240535687e-05)
(-7.235277763839559e-06,-7.473975255150647e-05)
(4.954865204277002e-05,7.949232512169471e-05)
(-8.921976310840016e-05,-5.04204115660645e-05)
(9.819277543341312e-05,3.670142181911043e-06)
(-8.046571214078708e-05,3.2430981977954096e-05)
(5.06864948275249e-05,-5.230253511924643e-05)
(-1.2469890240393348e-05,5.079514429145931e-05)
(-1.5080619165217159e-05,-1.9818037775471017e-05)
(9.387736512628134e-06,-1.937545792656559e-05)
(1.901739150473982e-05,3.8376615089260687e-05)
(-5.033490708850149e-05,-3.62550263813848e-05)
(7.944094424937177e-05,1.546451954600025e-05)
(-9.12961580831488e-05,2.5989583721022545e-05)
(7.057365518531375e-05,-6.653835742345191e-05)
(-3.3048117621543486e-05,8.170847081038377e-05)
(-7.367742929269901e-08,-7.49221855391325e-05)
(2.508469996921452e-05,5.259704633946827e-05)
(-3.084203841963435e-05,-1.5977570391107366e-05)
(6.945499664024396e-06,-1.2881739560527689e-05)
(2.7239268489779296e-05,1.2479107320618055e-05)
(-4.903947709528594e-05,8.624781365976022e-06)
(5.632460883366866e-05,-3.84538963691641e-05)
(-4.350836602754927e-05,7.299195036726093e-05)
(6.658568120812848e-06,-9.2872173376545e-05)
(3.2377123846243074e-05,8.242946840417772e-05)
(-5.3004569121338404e-05,-5.4841251499359626e-05)
(5.711437403049048e-05,2.4181007904159133e-05)
(-4.3323417831336904e-05,5.742373592003809e-06)
(1.0493460296536348e-05,-1.8244902992438564e-05)
(1.9224842040260385e-05,1.475961257234271e-06)
(-2.6594083630305707e-05,2.833141660336096e-05)
(1.6075232286278277e-05,-5.5095859123403725e-05)
(9.6069348533782e-06,7.493418614712164e-05)
(-4.801771861376288e-05,-7.442136469347094e-05)
(7.7015536837729e-05,4.639657809994388e-05)
(-8.053765614276648e-05,-1.0019772281667888e-05)
(6.674484221851926e-05,-1.8208906690648216e-05)
(-4.131216292483815e-05,3.622420917831728e-05)
(7.758348256528297e-06,-3.4114399071762295e-05)
(1.3379900386320938e-05,7.860382140388095e-06)
(-8.758234979876523e-06,2.2424248401711178e-05)
(-1.1087405848142573e-05,-4.0914795585681754e-05)
(3.843339989708927e-05,4.712704755194007e-05)
(-6.909875874634976e-05,-3.398121471442532e-05)
(8.437314381439109e-05,1.7251139001131516e-07)
(-7.388696262450885e-05,3.35719081698163e-05)
(5.037164946360555e-05,-5.254362974270298e-05)
(-2.264747091609134e-05,5.835481260451803e-05)
(-5.400574820830899e-06,-4.66770003341507e-05)
(1.7210822454775196e-05,1.7922034581650242e-05)
(-4.972134649140205e-06,7.696868591475321e-06)
(-1.7138735754127255e-05,-1.718212625832813e-05)
(3.9737116949357204e-05,1.4045150944503446e-05)
(-5.9609510507407314e-05,3.946521135998991e-06)
(6.258158763917872e-05,-3.5078798414134427e-05)
(-4.339308493959401e-05,5.9806020654429545e-05)
(1.7380586552641096e-05,-6.699070778969152e-05)
(6.126851581645788e-06,6.222172611836666e-05)
(-2.5115726433050153e-05,-4.529045489256796e-05)
(2.7752077585127587e-05,1.8573353615464845e-05)
(-1.076582767408146e-05,-8.512744543630304e-08)
(-1.0047135572239557e-05,-1.2369358097358143e-06)
(2.5872074149649507e-05,-7.5035241498391925e-06)
(-3.592837076532859e-05,2.5535877448105208e-05)
(3.040869622330285e-05,-5.0371154519053446e-05)
(-7.598094697187758e-06,6.50875823971585e-05)
(-1.656415851983453e-05,-6.216635375263922e-05)
(3.3731589294040864e-05,5.003218476645254e-05)
(-4.3935641424215146e-05,-3.083125468232293e-05)
(3.898510348192517e-05,7.454743294078656e-06)
(-1.868366912961541e-05,4.55519946635866e-06)
(-6.013468005657027e-07,3.86670243836379e-07)
(1.1006531460609885e-05,-1.2655100052783677e-05)
(-1.3999382091416177e-05,2.9499224630344117e-05)
(3.420469504841646e-06,-4.8264555146832107e-05)
(1.9916068142877687e-05,5.4777209079566364e-05)
(-4.036250268802863e-05,-4.4852346502315905e-05)
(5.115544475874684e-05,2.8910381543980684e-05)
(-5.437693562438644e-05,-1.0108771517906786e-05)
(4.45478982275779e-05,-9.334020247224755e-06)
(-2.3047684382671246e-05,1.6503011401978016e-05)
(5.486955751382858e-06,-8.081548565132774e-06)
(1.681209114764676e-06,-5.447168767710044e-06)
(-1.311116329574658e-06,2.0795961168120884e-05)
(-1.0865519575708865e-05,-3.559912035255994e-05)
(3.302689462657575e-05,3.761032003752506e-05)
(-5.020574047685318e-05,-2.452176307362776e-05)
(5.6572985602829595e-05,7.454450654840566e-06)
(-5.526059325999371e-05,1.0054979777187407e-05)
(4.260059509337942e-05,-2.6213786954372735e-05)
(-2.099071301467318e-05,2.9941204199512744e-05)
(5.139896767764861e-06,-1.9441617017408645e-05)
(-1.6289278872262673e-07,5.570802476107982e-06)
(2.1459383811107405e-06,8.246836811534981e-06)
(-1.4130054559172564e-05,-2.028602506319614e-05)
(3.400807934125095e-05,2.0154648657386814e-05)
(-4.8036390016588116e-05,-6.754266915661003e-06)
