0.000000000000000000e+00
7.853981633974482790e-02
1.570796326794896558e-01
2.356194490192345115e-01
3.141592653589793116e-01
3.926990816987241395e-01
4.712388980384690229e-01
5.497787143782137953e-01
6.283185307179586232e-01
7.068583470577034511e-01
7.853981633974482790e-01
8.639379797371932179e-01
9.424777960769380458e-01
1.021017612416682763e+00
1.099557428756427591e+00
1.178097245096172418e+00
1.256637061435917246e+00
1.335176877775662296e+00
1.413716694115406902e+00
1.492256510455151730e+00
1.570796326794896558e+00
1.649336143134641386e+00
1.727875959474386436e+00
1.806415775814131264e+00
1.884955592153876092e+00
1.963495408493620697e+00
2.042035224833365525e+00
2.120575041173110353e+00
2.199114857512855181e+00
2.277654673852600453e+00
2.356194490192344837e+00
2.434734306532089665e+00
2.513274122871834493e+00
2.591813939211579321e+00
2.670353755551324593e+00
2.748893571891068976e+00
2.827433388230813804e+00
2.905973204570558632e+00
2.984513020910303460e+00
3.063052837250048732e+00
